Q1 : 1.000000 
 Q2 : 2.000000 
 Eff : -1.000000 
 Work Done : -1.000000 