planate : SUN 
 Gravitation : 274.000000 
 Weight : 11.000000 
 Result : 307.613799 planate : URANIUS 
 Gravitation : 8.870000 
 Weight : 16.000000 
 Result : 14.484589 