
...............
 Planate :  
 Gravitation : 0.000000 
 Weight : 0.000000 
 Result : 0.000000 